  #  Year Month Nuvalue Ervalue MonthAvg MonthMax MonfMin 
  0  2021   1        3      1     -44     -43      -47 
  1  2021   2        2      0     -27     -25      -30 
  2  2021   3        1      0     -10     -10      -10 
  3  2021   4        1      0       0       0        0 
  4  2021   5        1      0      10      10       10 
  5  2021   6        1      0      25      25       25 
  6  2021   7        1      0      30      30       30 
  7  2021   8        1      0      22      22       22 
  8  2021   9        1      0      18      18       18 
  9  2021  10        1      0       2       2        2 
 10  2021  11        1      0      -5      -5       -5 
 11  2021  12        1      0     -20     -20      -20 
Year statistic averedge is: 0 ,min is: -47 ,max is: 30 
